-1003249211903
-1003204376059
-1002567421434
-1002648427001
-1003256694263
-5099463671
-1003293953527
-1003555585011
-1003453861358
-4807929323
-1003534736870
-1003488468963
-1002848646625
-2072032655840
-1002849730529
6871797284
-1002563609563
-1002662323159
-1002650299860
-1003261096916
-1002516040656
-1003474714058
-1002883044295
-1002959382980
6574456895
-1003496235969
-4663847872
-1002761473985
-1003422185402
-1003439314360
-1002915684791
-1003193799095
-1002747340212
-1002538784179
-1002889214387
-1003318865329
-1002817756080
-1003423375793
-1003539823019
-1002639782314
-1003280857001
-1003130731432
-1002203316645
-1003336462239
-1002665738652
-1003097945499
-1003259174811
-1002188177815
-1002500495753
-1002407369605
-1003498943875
8263912065
-1003318991740
-1003420029305
-1003400122744
-1003455938420
-1002529643891
-1003233763696
-1002552150381
-1003412674921
-1003307542375
8366762139
-1002977560922
-1003365410647
-1003242117972
-1003208225108
-1003356224337
-1003153313615
-1002719541583
-1003144240461
-1003686254409
-1003022955846
-1003464192325
-1003203927875
-1003441740608
-1003044038974
-1003267580207
-1002604530986
-1002552332582
-1002679739685
-1003493229859
-1002590075170
-1003158959383
7336826090
-5023592723
-1003360155922
-1003218834189
-1002768572170
-4852433673
6430376708
-5097420018
-1002546381553
6927950096
-1003253923570
-1002527492846
-1003444422385
5826132756
-1003226673899
-1002515101418
-1002234048232
7670247705
6692712728
-1003241305829
6679858972
-1002585010403
-1002511631073
8050411808
-4939054302
-1002637147868
-1002680330457
-1002966770902
-1003282661586
-1003264901842
7417069874
-1003007470285
-1002813044939
-1003470527178
-1003386556612
-1002783962815
-5054458044
6877639496
-1003267761845
5495082318
-1003316419248
-1002997213351
7047495519
-5027439777
6235382625
-1003235766937
-1003257860247
-5062194833
-1002851439760
-1003208147592
-1002761203847
7026500483
-1002868032121
7163177863
-1003489796726
-1002538325109
-1003350297203
8372952974
-1003453066864
-1003277868651
7459756438
-1002635782246
-1003006443109
-1003372055653
-1003373394018
-1003002432609
-1003474814044
-1003516232280
7902768555
-1002488257620
-1002396680273
-1002926812232
-1003625417277
-1003442265147
-1002831744570
6468293575
-1003099247675
-1002418059829
-1003016019507
7889695698
-4990450733
-1002788953125
-1002166287395
7909535199
-1002878212127
-1002715425821
-1003269065245
-1003241780763
-1003429798938
-1003687371286
-1003452000277
-1003511672852
-1003400261138
-1002770338834
-1003324210186
